Parent 	 Child 
1	2
1	3
1	4
1	5
1	6
1	7
1	8
1	9
1	10
1	11
1	12
1	13
1	14
1	15
1	16
1	17
1	18
1	19
1	20
1	21
1	22
1	23
1	24
1	25
1	26
1	27
1	28
1	29
1	30
1	31
1	32
1	33
1	34
1	35
1	36
1	37
1	38
1	39
1	40
1	41
1	42
1	43
1	44
1	45
1	46
1	47
1	48
1	49
1	50
1	51
1	52
1	53
1	54
1	55
1	56
1	57
1	58
1	59
1	60
1	61
1	62
1	63
1	64
1	65
1	66
1	67
1	68
1	69
1	70
1	71
1	72
1	73
1	74
1	75
1	76
1	77
1	78
1	79
1	80
1	81
1	82
1	83
1	84
1	85
1	86
1	87
1	88
1	89
1	90
1	91
1	92
1	93
1	94
1	95
1	96
1	97
1	98
1	99
1	100
1	101
1	102
1	103
1	104
1	105
1	106
1	107
1	108
1	109
1	110
1	111
1	112
1	113
1	114
1	115
1	116
1	117
1	118
1	119
1	120
1	121
1	122
1	123
1	124
1	125
1	126
1	127
1	128
1	129
1	130
1	131
1	132
1	133
1	134
1	135
1	136
1	137
1	138
1	139
1	140
1	141
1	142
1	143
1	144
1	145
1	146
1	147
1	148
1	149
1	150
1	151
1	152
1	153
1	154
1	155
1	156
1	157
1	158
1	159
1	160
1	161
1	162
1	163
1	164
1	165
1	166
1	167
1	168
1	169
1	170
1	171
1	172
1	173
1	174
1	175
1	176
1	177
1	178
1	179
1	180
1	181
1	182
1	183
1	184
1	185
1	186
1	187
1	188
1	189
1	190
1	191
1	192
1	193
1	194
1	195
1	196
1	197
1	198
1	199
1	200
1	201
1	202
1	203
1	204
1	205
1	206
1	207
1	208
1	209
1	210
1	211
1	212
1	213
1	214
1	215
1	216
1	217
1	218
1	219
1	220
1	221
1	222
1	223
1	224
1	225
1	226
1	227
1	228
1	229
1	230
1	231
1	232
1	233
1	234
1	235
1	236
1	237
1	238
1	239
1	240
1	241
1	242
1	243
1	244
1	245
1	246
1	247
1	248
1	249
1	250
1	251
1	252
1	253
1	254
1	255
1	256
1	257
1	258
1	259
1	260
1	261
1	262
1	263
1	264
1	265
1	266
1	267
1	268
1	269
1	270
1	271
1	272
1	273
1	274
1	275
1	276
2	277
2	278
277	279
277	280
277	281
277	282
277	283
277	284
277	285
277	286
277	287
277	288
277	289
277	290
277	291
277	292
277	293
277	294
277	295
277	296
277	297
277	298
277	299
277	300
277	301
277	302
277	303
277	304
277	305
277	306
277	307
277	308
277	309
277	310
277	311
277	312
277	313
277	314
277	315
277	316
277	317
277	318
277	319
277	320
277	321
277	322
277	323
277	324
277	325
277	326
277	327
277	328
277	329
277	330
277	331
277	332
277	333
277	334
278	335
278	336
278	337
278	338
278	339
278	340
278	341
278	342
278	343
278	344
278	345
278	346
278	347
278	348
278	349
278	350
278	351
278	352
278	353
278	354
278	355
278	356
278	357
278	358
278	359
278	360
278	361
278	362
278	363
278	364
278	365
278	366
278	367
278	368
278	369
278	370
278	371
278	372
278	373
278	374
278	375
278	376
278	377
278	378
278	379
278	380
278	381
278	382
278	383
278	384
278	385
278	386
278	387
278	388
278	389
278	390
278	391
278	392
278	393
278	394
278	395
278	396
278	397
278	398
278	399
278	400
278	401
278	402
278	403
278	404
278	405
278	406
278	407
278	408
278	409
278	410
278	411
278	412
278	413
278	414
278	415
278	416
278	417
278	418
278	419
278	420
278	421
278	422
278	423
278	424
278	425
278	426
278	427
278	428
278	429
278	430
278	431
278	432
278	433
278	434
278	435
278	436
278	437
278	438
278	439
278	440
278	441
278	442
279	443
279	444
335	445
335	446
443	447
443	448
443	449
443	450
443	451
443	452
443	453
443	454
443	455
443	456
443	457
443	458
443	459
443	460
443	461
443	462
443	463
443	464
443	465
444	466
444	467
444	468
444	469
444	470
444	471
444	472
444	473
444	474
444	475
444	476
444	477
444	478
444	479
444	480
444	481
444	482
444	483
444	484
444	485
444	486
444	487
444	488
444	489
444	490
444	491
444	492
444	493
444	494
444	495
444	496
444	497
444	498
444	499
444	500
444	501
444	502
444	503
444	504
444	505
444	506
444	507
444	508
444	509
444	510
444	511
444	512
444	513
444	514
444	515
444	516
444	517
444	518
444	519
444	520
444	521
444	522
444	523
444	524
444	525
444	526
444	527
444	528
444	529
444	530
444	531
444	532
444	533
444	534
444	535
444	536
444	537
444	538
445	539
445	540
447	541
447	542
468	543
468	544
541	545
541	546
541	547
541	548
541	549
541	550
541	551
541	552
541	553
541	554
541	555
541	556
541	557
541	558
541	559
541	560
541	561
541	562
541	563
541	564
541	565
541	566
541	567
541	568
541	569
541	570
541	571
541	572
541	573
541	574
541	575
541	576
541	577
541	578
541	579
541	580
541	581
541	582
541	583
541	584
541	585
542	586
542	587
543	588
543	589
543	590
543	591
543	592
543	593
543	594
543	595
543	596
543	597
543	598
543	599
543	600
543	601
543	602
543	603
543	604
543	605
543	606
543	607
543	608
543	609
543	610
543	611
543	612
543	613
543	614
543	615
543	616
543	617
544	618
544	619
546	620
546	621
586	622
586	623
587	624
587	625
587	626
587	627
587	628
587	629
599	630
599	631
618	632
618	633
619	634
619	635
620	636
620	637
620	638
620	639
620	640
620	641
621	642
621	643
621	644
621	645
621	646
621	647
623	648
623	649
624	650
624	651
630	652
630	653
630	654
630	655
631	656
631	657
632	658
632	659
632	660
632	661
634	662
634	663
635	664
635	665
636	666
636	667
643	668
643	669
648	670
648	671
650	672
650	673
650	674
651	675
651	676
652	677
652	678
656	679
656	680
662	681
662	682
664	683
664	684
665	685
665	686
666	687
666	688
667	689
667	690
670	691
670	692
672	693
672	694
675	695
675	696
677	697
677	698
679	699
679	700
680	701
680	702
683	703
683	704
689	705
689	706
691	707
691	708
693	709
693	710
695	711
695	712
697	713
697	714
702	715
702	716
706	717
706	718
707	719
707	720
708	721
708	722
709	723
709	724
709	725
710	726
710	727
715	728
715	729
717	730
717	731
718	732
718	733
721	734
721	735
722	736
722	737
723	738
723	739
726	740
726	741
730	742
730	743
731	744
731	745
738	746
738	747
739	748
739	749
743	750
743	751
746	752
746	753
752	754
752	755
753	756
753	757
754	758
754	759
